,latitude,longitude
45,33.6070702,-112.0643825
72,33.508764899999996,-112.04624
122,36.130012799999996,-115.10931000000001
378,45.500741399999995,-73.6311554
695,36.098909,-115.17555700000001
740,35.1381328252,-80.8761086511
892,43.7518796,-79.2607948
1899,40.4273917,-80.0533614
2075,43.811013,-79.24343890000002
2096,43.768326993500004,-79.1883210566
2448,43.075891999999996,-89.454836
2502,35.107271000000004,-80.880374
3535,33.6550622,-112.1335065
3718,36.2399266279,-115.160820572
4339,33.3348903077,-111.80742485299999
4421,33.161711499999996,-111.56438190000001
4578,45.4707235129,-73.8330413483
4691,41.642931299999994,-81.4699168
4697,43.614245000000004,-79.66130849999999
4859,33.2972297806,-111.754849814
4958,36.1200004708,-115.13785613399999
5097,33.523757,-112.10858300000001
5436,36.1586268,-115.2630618
5514,33.544218699999995,-111.9052801
5645,43.769845792299996,-79.3705994629
6381,36.0649678,-115.2488196
7077,33.4806815,-111.98567379999999
7113,43.672264748500005,-79.4678767928
7318,33.2669731,-111.68751999999999
7391,41.2442863,-81.1828511
7604,41.4253001,-82.0779284
7732,36.2173945996,-115.128254161
7904,35.183471999999995,-80.756938
7962,45.4889878,-73.5859141
7980,41.4851396642,-81.8117640396
7990,43.648636200000006,-79.3817439
8055,33.511433399999994,-112.0685027
8344,41.351141,-81.758492
8529,33.670199200000006,-112.20247649999999
9109,35.1363546138,-80.7137239538
9347,40.440894899999996,-80.2393893
9455,44.04627670000001,-79.4776867
9597,41.100674,-81.439192
9888,35.1823738167,-80.7586365881
9954,33.378424100000004,-112.02912309999999
9960,40.368679,-80.03771390000001
9992,40.517925700000006,-80.1630818
10195,40.0233929,-88.5740269
10670,33.4768219,-112.22023700000001
11009,33.5657646,-112.06475060000001
11101,43.6880988,-79.3931787
11180,40.3988343,-80.026459
11432,41.3416275,-81.52796219999999
11801,43.7153547,-79.4549827
11939,35.9989018527,-115.20704522700001
12365,41.5194533,-81.5180064
12714,35.220079,-80.802542
13034,33.2813351,-111.961193
14454,45.4996676,-73.5666243
14797,33.4945358235,-111.908506404
15459,43.638563399999995,-79.4276474
15787,33.638532,-112.27688400000001
15828,36.196365899999996,-115.2407551
16653,35.9716148,-114.8491471
16669,35.037304999999996,-80.80552
17018,33.471068,-112.222977
17024,36.041887100000004,-115.1179247
17114,36.181713,-115.25645759999999
17458,43.80696616149999,-79.4831434451
17607,36.1881429,-115.115179
17688,40.3645309102,-79.9839019775
17880,40.0975069,-88.24528259999998
17888,41.135494,-81.8013239
17894,33.3485509,-111.97515120000001
18125,45.5060849,-73.5558728
18256,41.2420695,-81.3538932
18501,41.4190359,-81.6080705
18544,33.683296500000004,-112.10826409999999
18749,36.1017503,-115.1374577
18771,40.5175754,-80.02928680000001
18978,44.1084174595,-79.5895420769
19740,45.4958415,-73.5770574
19769,35.276965999999994,-80.794009
20249,43.8400723,-79.3052947
20491,35.163253000000005,-80.9693413
20772,43.649467200000004,-79.3704014
21266,35.076827,-80.65181340000001
21292,35.406490776300004,-80.8655783287
21382,41.496904799999996,-81.6936185
21696,43.104087,-89.340903
21896,41.3989589342,-82.1077083842
21968,43.128479299999995,-89.358846
22102,33.5381017,-112.1537973
22318,45.4564083,-73.4658566
22440,33.3777862048,-111.93140689299999
22851,41.240084,-81.802144
23302,43.668631899999994,-79.3950936
23530,43.653098299999996,-79.37546540000001
24219,43.6650392,-79.3191147
24600,43.658691999999995,-79.7244672
24625,35.2592604,-81.21685190000001
24671,43.087207,-89.209226
24795,43.6369221,-79.71830609999999
24866,33.3791717954,-111.83459322899999
24913,43.8275379017,-79.5570445061
25465,33.623381,-111.89378899999998
25571,33.3786949,-111.93015020000001
25894,43.057127,-89.501621
26071,43.6781997,-79.44344029999999
26256,40.6101074295,-80.0537603005
27278,43.867270939499996,-78.9362047301
27433,33.320405,-111.96270009999999
27568,41.162553,-81.475736
27604,36.1953052,-115.16115079999999
27614,43.8956686,-79.441921
27904,33.393481699999995,-111.73599340000001
28141,45.3587196,-73.7208213
28491,33.5095967,-112.20502009999998
28502,35.3708580775,-80.8309432492
28656,36.125280200000006,-115.22239609999998
28771,43.654672,-79.381033
28794,35.2326781,-80.8460822
29191,43.068007,-89.404538
29431,41.2442863,-81.1828511
29447,35.138618,-80.738107
29756,41.1311063,-81.50765729999999
30019,33.3651684675,-111.75558444100001
30094,41.573015000000005,-81.525745
30129,40.412012,-79.9098858
31188,40.492067,-80.06235
31334,36.1257455,-115.27184220000001
31581,48.7221,9.13001
31787,33.5819441,-111.881648
32026,39.791610299999995,-88.27299040000001
32157,36.0667757,-115.0429179
33305,35.226587,-81.133557
33492,33.3778492,-111.9618564
33715,43.1287657,-89.30858
33827,43.854209143599995,-79.43264520390001
34094,43.9652547,-79.2705615
34290,33.378195899999994,-111.6355259
34381,48.8377732,9.1471739
34415,36.3019993,-115.28143290000001
34504,40.4492188,-80.1730854
34561,45.46078189999999,-73.5626939
34611,35.4415782799,-80.7650525514
35151,33.6380762764,-112.414669466
35202,35.288922899999996,-81.020392
35571,33.4305132,-111.75359099999999
35805,43.0322903775,-89.4571185787
35925,36.272595,-115.26842260000001
36143,36.1146625,-115.3082101
36298,36.0996528377,-115.10526589700001
36474,43.589637916899996,-79.7407392785
36496,43.098752000000005,-89.314916
36555,40.4422917,-79.99894549999999
36589,33.4227785,-111.82336310000001
36660,43.668648,-79.38606999999999
36801,41.45151,-81.80196140000001
36823,35.0996317,-80.7760773
37013,35.1487841153,-80.8329552412
37094,43.7942823,-79.32993979999999
37120,40.4493055,-79.9863052
37415,48.8961,9.188310000000001
37526,40.0978775,-88.29385309999999
37567,35.0603265,-80.9921999
38082,35.30858,-80.8440959
38105,33.6410068,-111.9762407
38369,44.0657,-79.429982
38413,41.2021723,-81.4410585
38499,41.48278679999999,-81.73371879999999
39151,55.9422495974,-3.2935970560000003
39734,41.4509961,-81.70232709999999
39907,33.6526,-112.25681000000002
40279,36.1142979145,-115.195554517
40507,33.580009472600004,-112.01339179600001
40949,43.6522854,-79.40602690000001
40982,41.3088553,-81.8345989
41829,36.098730700000004,-115.175777
42313,33.490995,-112.073306
42377,41.3167929,-81.352366
42480,36.0128812,-115.135044
42765,36.120078,-115.171752
42855,33.479910100000005,-111.9265896
42995,36.1003915,-115.2240169
43238,36.1738000578,-115.097807526
43274,36.158527899999996,-115.16259170000001
43415,40.4630795,-79.92690350000001
43563,33.3031927,-111.996199
43793,41.499208,-81.536689
43892,35.213291999999996,-80.781724
43941,40.177811299999995,-88.24037659999999
44003,43.0395114,-89.39466390000001
44111,43.9843296,-79.4630989
45157,33.3923472,-111.840654
45471,45.389703999999995,-73.96400899999999
45475,55.953303788999996,-3.1913287913
45622,33.640849200000005,-112.0660716
45697,-34.5099717489,-58.4910620749
45700,33.450032,-112.02956299999998
45981,33.5993761,-111.9844128
46084,33.478874,-112.0011562
46316,40.3849854,-79.8626605
46401,36.172257200000004,-115.19632460000001
46456,40.1197135,-87.7782921
46647,33.439648,-112.026154
46892,40.4353737,-79.7868838
46925,41.361973,-81.68733399999999
47556,41.368099,-82.10880999999999
47609,43.7155387,-79.72202170000001
47641,36.145691799999994,-115.24258490000001
47665,35.373526584000004,-80.7326023465
47710,33.596633000000004,-112.1681561
47755,41.673460999999996,-81.326267
48017,33.465731899999994,-111.90895459999999
48158,43.728687,-79.285923
48309,33.539179700000005,-111.8853922
48388,33.6106333182,-112.337106248
48710,36.1005626964,-115.186341412
48983,36.1699643858,-115.14287351200001
49010,53.191105989499995,-2.8863042587
49168,35.14183870000001,-80.6236933
49600,33.4231289,-111.753027
49855,44.065964799999996,-79.48577209999999
50127,43.066784000000006,-89.326689
50385,43.6537184,-79.39090350000001
50391,33.3065109651,-111.887799997
50527,33.2768201798,-111.79097007799999
50751,35.1158873502,-80.856817404
50868,40.513283,-79.95184499999999
51113,43.64678,-79.382225
51120,43.682137,-79.8138802
51451,33.4495793,-111.73380790000002
52103,45.5222172,-73.78879
52105,41.421238,-81.527783
52763,36.0215659,-115.24387109999999
52840,45.5656146038,-73.7334954562
53075,41.413315999999995,-82.16549599999999
53153,43.4374834917,-79.7419102849
53326,33.5097809,-112.084802
53669,36.0229945,-115.1241096
54075,40.441140999999995,-79.9571478
54103,35.2517326,-81.0431716
54135,43.6300181343,-79.5182831493
54159,43.815920299999995,-79.32305140000001
54365,36.1148715,-115.209034
54484,36.07191829999999,-115.11538
54723,36.195445899999996,-115.128452
55223,43.9173567387,-78.9504379738
55375,35.228854999999996,-80.92379100000001
55426,36.1589722,-115.04696729999999
55490,36.0565103311,-115.17138612299999
55893,35.186895,-80.689738
56042,33.378193599999996,-111.7228051
56401,33.4653345,-112.06559750000001
56783,40.353716799999994,-80.1145473
57171,33.551195,-112.1799902
57469,43.641572700000005,-79.62975990000001
57479,45.4366282,-73.687915
57674,33.4156799875,-111.92588288299999
57723,36.1476947,-115.15630559999998
57733,45.4807189,-73.5785314
57975,33.436409000000005,-111.71953789999999
58141,35.316524,-81.190409
58162,48.7838896507,9.1810286374
58382,36.0607079,-115.0332406
58681,35.233258,-81.170447
58994,36.219109,-115.12697299999999
59134,33.4953492,-112.1670868
59239,33.6376638,-112.2208222
59354,41.367691,-81.510292
59463,36.2769928839,-115.279338758
60030,35.3470487167,-80.86108088489999
60181,35.0886852,-80.9314496
60432,43.166381099999995,-89.2704664
60439,40.3078239,-88.17265
60603,41.492600200000005,-82.0200837
60811,41.418908,-81.7589611
61382,33.6809956,-112.23846090000002
61565,43.7780907,-79.3088223
61573,48.816299497299994,9.2828538829
61727,35.4837983,-80.8765395
61982,36.216778000000005,-115.212427
62292,43.009584999999994,-89.722464
62367,43.18780220000001,-89.212639
62454,36.1128082,-115.06228870000001
62524,43.7327326,-79.4044787
62543,33.3934196,-111.8778967
62685,41.4637557611,-81.953622861
62850,33.7101008,-112.11248090000001
63045,41.4356845,-81.5185333
63421,36.238861116799995,-115.059888157
63541,36.0125454866,-115.171589814
63737,33.4157082,-111.78868359999998
63964,41.7246532,-81.24798299999999
64247,40.5162854,-80.2195097
64423,33.304666999999995,-111.99458190000001
65397,43.785354096199995,-79.3512418086
65442,43.662008,-79.425032
65535,43.102110700000004,-89.34667009999998
65629,48.7027,9.02862
65725,36.2799115,-115.2071213
65726,45.498868,-73.706149
66719,36.123362538,-115.246310149
67071,40.2025341,-79.9254953
67424,36.0394882716,-115.19151148200001
68409,33.4947399605,-112.083577408
69071,41.516782,-81.6524589
69162,41.142411700000004,-81.3582101
69258,33.636891,-112.184398
69421,45.4074403,-74.03534029999999
69449,43.7590316,-79.7293071
69921,41.642390899999995,-81.375867
69951,40.1205722,-88.27742049999999
70094,48.841668799999994,9.232515600000001
70931,33.7536349,-111.99094309999998
71207,43.85142570000001,-79.2552522
71742,33.4510435,-112.1348622
71894,41.3527352,-81.3857667
72249,43.602051555299994,-79.5912104845
72351,33.407507,-112.01387820000001
72360,43.4483934,-79.7007363
72557,36.0640231,-115.0466871
73214,40.1334973279,-88.25949579520001
73229,33.6103674,-112.1202385
73743,33.58148,-112.13361299999998
73785,36.0250367764,-115.062984413
73939,41.139654,-81.43966
74209,43.717628427799994,-79.5701175928
74262,43.7834774334,-79.5740629179
74332,43.1813351467,-89.20655704149999
74927,36.0803201,-115.12177790000001
75188,36.262603799999994,-115.2499399
75261,33.669927,-112.0314798
75404,33.640074,-112.0289332
75416,33.366182,-111.85857730000001
75559,40.528619899999995,-80.00830959999999
76053,43.7071054774,-79.39754434560001
76612,41.5214,-81.344881
77185,35.236220200000005,-80.735825
77492,35.2627409,-81.1534792
77535,43.6371783792,-79.69341042890001
77588,41.552054999999996,-81.49638909999999
77685,41.4809081,-81.604727
77836,35.1844807,-80.8867688
77917,45.50327025359999,-73.56947473439999
78107,36.042558899999996,-114.9841945
78323,43.5942662569,-79.64083671569999
78694,35.225394,-80.84395
78886,43.1879506,-89.2299462
79603,35.333751899999996,-80.797556
80819,40.410146999999995,-79.990825
80852,33.537304118499996,-112.35765533200001
80900,36.070927399999995,-115.27883440000001
81068,43.6440653,-79.4033608
81141,43.7137023,-79.63093609999999
81209,40.3868915,-80.0937037
81497,43.6621909,-79.3837847
81530,36.1142979145,-115.195554517
81665,41.4625961,-81.646597
82040,35.43991,-80.607563
82660,36.15943970000001,-115.3203375
82752,40.4588455683,-79.9184470786
83098,35.0492501,-80.6475543
83216,36.0902211,-115.1720703
83380,43.5502715,-79.7171793
83990,43.651409,-79.4762016
84235,36.0066992156,-115.11291662100001
84465,35.4203126468,-80.6755393365
84732,45.4322678,-73.8468741
85067,40.5910106934,-79.7354945826
85360,48.706,8.999260000000001
85780,45.53677329999999,-73.59365859999998
85830,36.156478899999996,-115.20232800000001
86229,35.259578999999995,-81.12524300000001
86313,35.087226799999996,-80.8495918
86786,55.9364030358,-3.2393961725
86886,40.427436900000004,-79.69913000000001
86986,43.6689992,-79.3394827
87503,33.70806760000001,-112.27308400000001
87593,48.71309,9.308860000000001
87857,43.710958500000004,-79.37670390000001
87975,41.6611262287,-81.378613797
88110,33.391523,-111.6991091
88830,36.100278700000004,-115.11401000000001
89030,55.9504510424,-3.2067253406
89486,33.4592576,-112.3380645
89518,36.115077299999996,-115.2616828
89747,45.53276760000001,-73.5745615
90777,43.4656037,-79.7436819
91210,43.9176481,-78.9603699
91288,33.865503000000004,-112.1374433
91494,33.3356433,-111.8751199
91572,33.798980799999995,-112.12786770000001
91614,35.3714065,-80.549384
91715,33.610567200000006,-112.3587904
91720,43.6933138,-79.5572835
92058,45.540403000000005,-73.55960300000001
92092,40.3380706,-80.05078409999999
92545,43.571096000000004,-79.62777390000001
93517,33.6397968,-112.0991838
94108,36.2135008,-115.09948770000001
94295,43.6957436,-79.4496515
94390,43.8380108891,-79.0454660921
94740,41.3938792,-81.6404535
95335,33.3204251222,-111.686389446
95475,41.5205279,-81.4553747
95640,41.446441,-81.56434499999999
95661,43.7624011,-79.49017109999998
95681,45.503861,-73.57134599999999
96040,36.143543655100004,-115.13741277
96211,43.6961027,-79.77205390000002
96254,43.80837524020001,-79.267400077
96358,41.714372,-81.3002302
96826,48.7631,9.25462
96955,36.013119200000006,-114.9629304
96972,45.493831,-73.558346
97163,43.7962204712,-79.4301394911
97399,43.7577851,-79.465242
97705,41.459301,-81.8601748
98364,33.331156,-111.981475
98833,43.194203,-89.33810600000001
98877,33.4207670645,-112.27150788600001
99027,43.6650022,-79.6846961
99344,33.509198100000006,-112.11671129999999
99499,43.6709661,-79.38465550000001
99865,41.2397592,-81.44905340000001
100176,35.089457,-80.868686
100209,41.311955,-81.44759300000001
100277,41.5093411,-81.60412600000001
100472,41.499543,-81.66538299999999
100520,33.4802112,-112.11092
101748,36.166808,-115.20550220000001
102219,36.262326173000005,-115.17948560100001
102266,43.6898039,-79.3486356
102274,36.1439723,-115.20034059999999
102294,41.180768,-81.483967
102582,40.4404494771,-79.998646576
102874,33.6027472404,-111.983349924
102923,36.159439500000005,-115.07975049999999
103336,33.4951243,-112.0618092
103384,43.8613775,-79.3897352
103392,34.9570742,-80.75576650000001
103445,43.612383541099994,-79.69470490329999
103625,41.389798799999994,-81.3400573
103707,41.4050651,-81.6976334
103921,33.465232199999996,-112.1697371
103946,40.450832899999995,-80.0190166
104640,33.5741343,-111.7144784
104733,57.477571999999995,-4.224553
105078,35.103571,-80.9855001
105097,35.163408200000006,-80.8876046
105354,43.68175,-79.42692120000001
105535,41.372451500000004,-81.8271463
105548,43.875485999999995,-79.414664
105911,41.411879299999995,-82.2100782
105961,33.6550002,-112.0824801
106077,48.693253957299994,9.1974822005
106110,35.2033925,-80.73809720000001
107267,33.2596734,-111.8577665
107709,41.281007200000005,-81.2248178
108112,40.4474727,-80.1431072
108246,33.4946798,-112.2373797
108391,33.3058077,-112.05612830000001
108570,41.157410999999996,-81.863212
109174,33.4649626,-111.90941959999999
109242,40.4950118912,-80.25360345840001
109702,40.444674,-79.8885911
110393,43.7536027633,-79.3589101101
110495,36.1054938719,-115.17229100799999
110530,45.50581583979999,-73.8202661126
110833,45.5152354,-73.5632516
110936,33.2180658,-111.84154129999999
111061,43.5782535031,-79.6842348576
111139,33.4944123,-112.3401217
111666,43.699838,-79.47549129999999
112219,36.219042345,-115.281377995
112535,36.0206415616,-115.278033589
112615,41.2278045,-81.83864200000001
112758,35.490661200000005,-80.61156020000001
113082,33.5890172,-111.8356301
113205,43.6472077,-79.3793812
113529,41.3144155,-81.72274490000001
113791,45.515871000000004,-73.55846740000001
113849,41.69939,-81.27745
114054,40.09767,-88.19074350000001
114183,41.3849182,-81.97809759999998
115261,44.04627670000001,-79.4776867
115521,41.705898,-81.36068
115644,41.3799399571,-81.7361200601
115769,43.8488989581,-79.555733034
117676,40.320104,-79.68447320000001
118380,43.7270426844,-79.7957566419
118770,36.1369777,-115.1633366
118858,41.469519500000004,-81.70488329999999
119002,33.4595099,-112.3951757
119229,36.240964,-115.25026740000001
119245,43.676460399999996,-79.35853159999999
119323,43.663101204200004,-79.5927585645
119952,33.657063799999996,-112.3750152
120010,40.589973,-79.947854
120345,36.1966104,-115.26174520000001
120478,41.3725251,-81.8668696
120834,33.6520132349,-111.886832615
120942,43.774023,-79.5309112
121131,42.9938065,-89.5238093
121314,33.4952124604,-112.01385129200001
121694,33.3907892,-111.68533640000001
121811,43.844209,-79.070566
122097,33.538022999999995,-112.04716129999998
122675,33.2922594,-111.8218138
123032,48.8673,9.20023
123406,43.5689142,-79.56913370000001
123441,36.2815971375,-115.134605408
123669,36.2471433,-115.2080049
124426,41.461905200000004,-81.4843781
124519,33.320161210500004,-111.84224188299999
124648,35.4444384124,-80.8665320608
124726,55.9525832452,-3.1914654614
124960,36.0992898501,-115.29779881200001
125175,48.67715379999999,9.1956431
125511,36.174872799999996,-115.06169070000001
125947,33.494491700000005,-112.1283743
126263,36.122108600000004,-115.15439040000001
126423,35.1928794,-80.7956931
127710,43.0905898,-89.5250644
128118,35.435393,-80.65349509999999
128487,35.4657956,-80.5889415
128656,43.776062100000004,-79.2575963
128821,43.689504799999995,-79.7390478
128886,44.0190227,-79.44914279999999
129594,33.4509641,-111.8383265
129868,41.465868,-82.05910209999999
129924,36.1960650937,-115.027087846
130247,43.8434381514,-79.3916865037
130323,33.6268623,-112.0127769
130353,41.3998074929,-81.5970063277
130675,33.4808396,-112.18428130000001
131329,36.1085061,-115.0629453
131479,33.6987321,-112.143075
131510,43.862236100000004,-79.018592
132425,33.565808600000004,-112.25454140000001
132968,33.3919383,-112.07276100000001
133086,35.012695,-80.8513334
133242,43.7049477884,-79.4522543611
134046,43.7135032,-79.6799661
134109,33.34746810000001,-111.9644368
134169,36.1595734931,-115.23376502100001
134254,41.4826143,-81.7693381
135369,48.8212,9.17366
135803,43.645565999999995,-79.37943829999999
135821,43.591932363299996,-79.6680876311
135834,33.58363,-112.20332520000001
136459,41.389798799999994,-81.3400573
136601,40.1375686,-88.2430516
136648,36.1615403,-115.2911213
136784,35.001676,-80.668341
136949,41.3845937,-81.4400853
137104,45.477185999999996,-73.60580999999999
137634,33.4334649,-112.32781609999998
137657,33.4520068,-111.83930500000001
137750,33.5244194,-112.18673700000001
137808,35.322514399999996,-80.6458476
138120,35.143937,-80.92993100000001
138727,40.4650367759,-79.82892037479999
138809,35.2202296588,-80.7028701817
138881,40.3841464,-79.8240156
139116,43.7352889425,-79.7063600644
139195,33.58148,-112.13361299999998
139476,48.6796,8.99156
139826,33.451101,-112.082017
139831,45.4945929,-73.4800632
140211,43.6715964,-79.37839609999999
140221,41.503143,-81.63006700000001
140339,33.432439815,-111.865360144
140369,48.785011,9.018267999999999
140474,45.4334309,-73.6281189
140566,36.1720776,-115.14682979999999
140847,43.631694538299996,-79.5752994688
140978,45.543382,-73.57736
141085,36.2368338,-115.0618047
141181,45.5356095,-73.61932850000001
141519,35.370529218499996,-80.8306706623
141937,41.665538299999994,-81.2451595
142151,33.3785651,-112.1688512
142748,33.350846000000004,-111.82366599999999
142860,33.2345903,-111.85955179999999
143161,33.5680539,-112.1853951
143595,43.715757,-79.5078598
143925,45.502333899999996,-73.5722536
144155,41.4392002,-81.8693915
144255,41.470486,-81.90391629999999
144632,41.386345299999995,-81.7684506
145150,35.238401,-80.884618
145292,33.4145968,-111.63322659999999
145597,36.05347020000001,-115.0829999
145915,43.8462619413,-79.5532374816
145993,45.4545357,-73.63317679999999
146161,48.7736,9.1723
146283,36.061723,-115.24188000000001
146903,41.5850412,-81.4792233
147668,48.920302,9.149754
147708,33.3496,-111.912291
148438,41.305888,-81.51785
148886,43.6488148,-79.396742
149358,33.637764000000004,-112.186724
149769,43.740311,-79.607299
150291,33.393567100000006,-111.8633044
151229,43.7031861,-79.74155209999999
151357,43.6504361,-79.9063105
151678,33.3785478,-111.78938319999999
151784,33.71168170000001,-112.20052240000001
152001,36.1373856732,-115.06471876399999
152036,33.3057698,-111.945089
152091,33.6550622,-112.1335065
152753,35.308684299999996,-80.7484324
153112,41.486463,-81.824894
153255,36.0993419,-115.29793590000001
153549,43.6837856,-79.32063659999999
153554,33.486644500000004,-112.02978300000001
153584,40.32095770000001,-79.8357243
153634,41.237209,-86.2543101
153670,40.185427000000004,-88.368315
153843,43.8566632979,-79.3323592035
154570,33.5819441,-111.881648
155098,43.8943167203,-79.2638093233
155652,43.017552,-89.29991600000001
155728,43.24971,-89.375259
155821,41.415535600000005,-81.92486629999999
155974,43.800273700000005,-79.14334079999999
155984,36.095783600000004,-115.1761162
156327,33.4420538704,-112.341152585
156411,43.7519358483,-79.5446959497
156506,45.553627399999996,-73.6634931
156872,43.75801920000001,-79.3133331
157447,43.046504999999996,-89.348956
158261,35.172475,-80.85045799999999
158322,43.73260429999999,-79.41949749999999
158617,40.447712,-80.17611099999999
158795,41.4177130698,-81.5725017981
159561,33.394448100000005,-111.9095293
159587,33.4327408,-111.87110990000002
159991,48.7756588,9.1773587
160239,36.135602500000005,-115.1633284
160362,43.7616239929,-79.4112054957
160742,41.317562,-81.6272098
160909,41.286625,-82.063923
161090,43.7093691567,-79.2951729218
161649,40.441237,-80.003478
162042,43.6569363,-79.4532421
162195,42.942198,-89.383839
163005,33.495588399999995,-112.01224520000001
163047,45.577327399999994,-73.3269012
163064,41.155031,-81.39734399999999
163141,36.2366935,-115.168093
163603,36.158782200000005,-115.10803
163652,43.7482713,-79.5415735
163931,36.114244,-115.11971270000001
163971,33.4931581,-112.2896653
164146,43.029815500000005,-89.409559
164645,33.5527446,-112.1005622
164727,33.4215174,-111.9102085
164767,41.221126,-81.629196
165167,43.6388688,-79.4464265
165929,40.5463034,-80.0165605
166128,43.5760907995,-79.6538024783
166157,43.7728275138,-79.6243783459
166343,36.175,-115.136389
166651,45.513438318,-73.68421909770001
167502,43.52972686020001,-79.6550010338
167532,33.407032199999996,-111.9586534
168003,40.551862899999996,-79.756905
168513,33.6253645,-111.94376340000001
168858,43.5194193065,-79.6844728777
169152,43.12531679999999,-89.3244046
169557,33.393265899999996,-111.97777830000001
170097,33.2811445,-111.79335890000002
170430,33.4153813,-111.85723300000001
170574,41.3683843,-81.8031046
171057,33.3632982,-111.9453551
171303,41.440185,-81.72501199999999
171811,41.423865899999996,-81.49756500000001
172002,35.269186,-80.85364399999999
172184,36.134927000000005,-115.16396100000001
172193,33.6291077243,-111.89210455700001
172638,36.1440266967,-115.155045354
172664,33.429744899999996,-112.065708
172769,33.5371012,-112.23891409999999
173171,33.4522293448,-111.685075164
173237,45.4268756,-73.6116186
173439,43.6644193,-79.3845572
174129,43.8506424494,-79.5345820593
174421,43.5775436,-79.6141015
174446,43.4664476687,-79.6843903815
174458,40.1182287,-88.2044098
